#{bals => #{},
  hash =>
      <<38,222,30,53,140,104,150,212,178,72,104,39,54,47,105,242,153,107,242,
        97,244,233,235,211,140,202,115,174,117,250,114,121>>,
  header =>
      #{height => 0,
        parent => <<0,0,0,0,0,0,0,0>>,
        setroot =>
            <<104,12,57,137,84,90,14,124,182,84,165,6,15,138,60,35,196,226,
              157,37,42,14,191,97,187,149,233,168,243,124,174,156>>},
  settings =>
      [{<<61,36,205,66,27,135,170,176,91,146,63,173,176,148,25,37,53,252,117,
          176,216,154,171,247,253,2,160,141,29,37,27,24>>,
        <<151,131,196,1,112,145,196,6,99,104,97,105,110,115,196,1,116,196,3,
          115,101,116,196,1,118,161,0,131,196,1,112,147,196,5,99,104,97,105,
          110,0,196,6,109,105,110,115,105,103,196,1,116,196,3,115,101,116,
          196,1,118,2,131,196,1,112,147,196,5,99,104,97,105,110,0,196,9,98,
          108,111,99,107,116,105,109,101,196,1,116,196,3,115,101,116,196,1,
          118,5,131,196,1,112,147,196,5,99,104,97,105,110,0,196,5,110,111,
          100,101,115,196,1,116,196,3,115,101,116,196,1,118,147,196,5,110,
          111,100,101,49,196,5,110,111,100,101,50,196,5,110,111,100,101,51,
          131,196,1,112,146,196,4,107,101,121,115,196,5,110,111,100,101,49,
          196,1,116,196,3,115,101,116,196,1,118,196,33,3,90,231,223,79,203,
          91,151,168,111,206,187,16,125,68,8,88,221,251,40,199,8,231,14,6,
          198,37,170,33,14,138,111,22,131,196,1,112,146,196,4,107,101,121,
          115,196,5,110,111,100,101,50,196,1,116,196,3,115,101,116,196,1,118,
          196,33,2,7,131,239,103,72,81,252,233,190,212,91,73,77,131,140,107,
          95,57,79,23,91,55,221,38,165,17,242,158,31,33,57,75,131,196,1,112,
          145,196,9,110,111,100,101,99,104,97,105,110,196,1,116,196,3,115,
          101,116,196,1,118,131,196,5,110,111,100,101,49,0,196,5,110,111,100,
          101,50,0,196,5,110,111,100,101,51,0>>}],
  sign =>
      [<<255,71,48,69,2,33,0,141,219,32,210,245,202,17,189,179,40,142,222,8,
         130,214,107,140,124,124,140,181,82,151,13,41,212,138,242,59,212,18,
         160,2,32,9,170,17,166,105,141,129,213,141,158,203,87,104,12,177,211,
         229,197,34,118,111,103,237,140,191,99,26,42,205,132,196,24,2,33,3,90,
         231,223,79,203,91,151,168,111,206,187,16,125,68,8,88,221,251,40,199,
         8,231,14,6,198,37,170,33,14,138,111,22,1,8,0,0,1,95,226,114,137,112>>],
  txs => []}.
