#{bals => #{},
  hash =>
      <<159,42,124,125,227,143,16,222,114,192,157,234,10,97,255,185,220,23,10,
        243,199,247,247,176,241,99,82,162,86,20,225,73>>,
  header =>
      #{height => 0,
        parent => <<0,0,0,0,0,0,0,0>>,
        setroot =>
            <<62,21,82,63,135,201,138,237,77,21,96,3,187,135,250,99,29,186,46,
              33,146,176,239,44,250,170,82,201,175,59,162,247>>},
  settings =>
      [{<<"EBDDDF480D87F87746D7EC9F87044371">>,
        #{patch =>
              <<159,131,196,1,112,146,196,7,103,108,111,98,97,108,115,196,9,
                112,97,116,99,104,115,105,103,115,196,1,116,196,3,115,101,116,
                196,1,118,4,131,196,1,112,145,196,6,99,104,97,105,110,115,196,
                1,116,196,3,115,101,116,196,1,118,162,1,2,131,196,1,112,145,
                196,9,110,111,100,101,99,104,97,105,110,196,1,116,196,3,115,
                101,116,196,1,118,134,196,4,99,49,110,49,1,196,4,99,49,110,50,
                1,196,4,99,49,110,51,1,196,4,99,50,110,49,2,196,4,99,50,110,50,
                2,196,4,99,50,110,51,2,131,196,1,112,147,196,5,99,104,97,105,
                110,2,196,6,109,105,110,115,105,103,196,1,116,196,3,115,101,
                116,196,1,118,2,131,196,1,112,147,196,5,99,104,97,105,110,2,
                196,9,98,108,111,99,107,116,105,109,101,196,1,116,196,3,115,
                101,116,196,1,118,2,131,196,1,112,147,196,5,99,104,97,105,110,
                2,196,10,97,108,108,111,119,101,109,112,116,121,196,1,116,196,
                3,115,101,116,196,1,118,0,131,196,1,112,147,196,5,99,104,97,
                105,110,1,196,6,109,105,110,115,105,103,196,1,116,196,3,115,
                101,116,196,1,118,2,131,196,1,112,147,196,5,99,104,97,105,110,
                1,196,9,98,108,111,99,107,116,105,109,101,196,1,116,196,3,115,
                101,116,196,1,118,2,131,196,1,112,147,196,5,99,104,97,105,110,
                1,196,10,97,108,108,111,119,101,109,112,116,121,196,1,116,196,
                3,115,101,116,196,1,118,0,131,196,1,112,146,196,4,107,101,121,
                115,196,4,99,49,110,51,196,1,116,196,3,115,101,116,196,1,118,
                196,33,3,113,33,162,130,198,254,77,142,141,165,79,26,146,89,
                219,30,159,74,118,59,245,118,186,148,160,14,54,231,169,82,235,
                1,131,196,1,112,146,196,4,107,101,121,115,196,4,99,49,110,50,
                196,1,116,196,3,115,101,116,196,1,118,196,33,2,202,100,13,234,
                161,119,60,173,200,55,232,144,202,109,12,250,24,224,195,197,
                197,47,87,83,32,7,144,172,251,9,137,238,131,196,1,112,146,196,
                4,107,101,121,115,196,4,99,49,110,49,196,1,116,196,3,115,101,
                116,196,1,118,196,33,2,221,239,92,75,241,144,26,170,205,65,228,
                220,46,13,179,213,155,120,239,48,12,138,56,222,124,161,230,38,
                98,150,108,162,131,196,1,112,146,196,4,107,101,121,115,196,4,
                99,50,110,50,196,1,116,196,3,115,101,116,196,1,118,196,33,3,
                251,6,106,93,204,173,201,76,23,54,105,153,166,187,1,13,128,14,
                236,59,184,244,232,6,187,158,244,181,199,116,125,145,131,196,1,
                112,146,196,4,107,101,121,115,196,4,99,50,110,49,196,1,116,196,
                3,115,101,116,196,1,118,196,33,3,34,182,74,72,123,199,249,28,
                70,143,99,57,115,24,27,220,247,253,17,52,210,71,155,239,68,221,
                21,28,229,38,246,200,131,196,1,112,146,196,4,107,101,121,115,
                196,4,99,50,110,51,196,1,116,196,3,115,101,116,196,1,118,196,
                33,2,114,20,158,11,19,39,211,243,143,72,154,157,69,91,185,174,
                116,83,205,134,9,210,128,74,88,32,215,79,215,44,5,71>>,
          sig =>
              [<<255,71,48,69,2,32,4,130,37,44,160,156,186,211,162,188,245,242,
                 237,31,229,99,138,119,172,44,83,76,170,86,8,15,148,154,63,227,
                 162,148,2,33,0,214,154,90,16,159,229,141,84,231,81,250,72,9,
                 45,2,122,225,236,249,30,247,195,233,159,185,15,180,215,88,219,
                 87,116,2,33,3,113,33,162,130,198,254,77,142,141,165,79,26,146,
                 89,219,30,159,74,118,59,245,118,186,148,160,14,54,231,169,82,
                 235,1,1,8,0,0,1,98,145,51,246,222>>,
               <<255,71,48,69,2,32,1,217,34,99,117,200,193,62,224,14,99,119,
                 198,19,254,69,41,104,181,160,118,215,173,73,70,95,43,128,101,
                 15,54,69,2,33,0,225,5,98,55,7,167,11,13,182,234,190,200,84,
                 170,184,26,100,183,9,138,177,247,41,54,36,84,191,153,167,90,
                 17,88,2,33,2,202,100,13,234,161,119,60,173,200,55,232,144,202,
                 109,12,250,24,224,195,197,197,47,87,83,32,7,144,172,251,9,137,
                 238,1,8,0,0,1,98,145,51,246,221>>,
               <<255,71,48,69,2,32,65,191,117,230,221,5,193,201,28,80,154,102,
                 98,92,150,189,204,64,192,151,180,105,249,138,109,228,136,137,
                 55,68,147,107,2,33,0,187,255,226,207,134,67,48,167,170,109,80,
                 67,189,122,53,81,192,104,234,57,180,113,42,183,91,147,92,206,
                 81,245,118,167,2,33,2,221,239,92,75,241,144,26,170,205,65,228,
                 220,46,13,179,213,155,120,239,48,12,138,56,222,124,161,230,38,
                 98,150,108,162,1,8,0,0,1,98,145,51,246,219>>,
               <<255,71,48,69,2,33,0,212,196,126,229,247,0,86,124,32,218,104,
                 12,19,121,1,176,165,176,209,139,196,237,51,166,49,230,230,5,
                 22,175,134,146,2,32,42,197,239,78,120,253,60,54,19,182,208,
                 123,183,46,80,226,179,174,200,167,90,82,67,3,179,0,129,255,76,
                 97,36,16,2,33,3,251,6,106,93,204,173,201,76,23,54,105,153,166,
                 187,1,13,128,14,236,59,184,244,232,6,187,158,244,181,199,116,
                 125,145,1,8,0,0,1,98,145,51,246,218>>,
               <<255,71,48,69,2,32,123,27,194,217,93,204,231,40,123,198,80,247,
                 210,170,197,10,57,150,140,28,59,62,206,22,72,60,134,40,126,
                 212,35,32,2,33,0,199,23,13,251,94,117,30,234,184,106,236,145,
                 249,140,206,39,70,4,89,148,95,5,143,83,16,13,113,112,112,21,
                 26,3,2,33,3,34,182,74,72,123,199,249,28,70,143,99,57,115,24,
                 27,220,247,253,17,52,210,71,155,239,68,221,21,28,229,38,246,
                 200,1,8,0,0,1,98,145,51,246,216>>,
               <<255,71,48,69,2,32,9,49,57,171,226,107,240,197,11,237,51,
                 139,24,195,182,153,185,174,44,114,145,168,161,190,251,11,
                 244,39,203,79,130,35,2,33,0,231,198,18,149,139,10,153,87,
                 178,193,164,37,176,17,52,92,173,23,153,106,68,216,26,43,
                 191,206,75,64,246,69,61,149,2,33,2,114,20,158,11,19,39,
                 211,243,143,72,154,157,69,91,185,174,116,83,205,134,9,210,
                 128,74,88,32,215,79,215,44,5,71,1,8,0,0,1,98,145,51,246,
                 214>>]}}],
  sign =>
      [<<255,70,48,68,2,32,15,115,236,122,190,194,130,208,88,67,64,244,45,238,
         109,13,85,82,194,73,7,116,160,103,27,47,203,9,175,113,96,135,2,32,84,
         129,129,97,116,133,167,107,2,145,160,122,157,216,82,160,147,67,240,47,
         228,29,141,163,51,73,192,187,106,204,24,86,2,33,3,113,33,162,130,198,
         254,77,142,141,165,79,26,146,89,219,30,159,74,118,59,245,118,186,148,
         160,14,54,231,169,82,235,1,1,8,0,0,1,98,145,51,246,243>>,
       <<255,72,48,70,2,33,0,241,72,181,116,125,134,236,0,188,22,113,46,182,
         166,230,135,48,145,229,14,84,225,185,195,115,239,122,143,210,222,3,
         238,2,33,0,245,65,209,148,18,164,125,31,84,55,138,194,200,48,159,116,
         81,203,250,134,194,27,0,75,65,200,17,130,153,131,73,240,2,33,2,202,
         100,13,234,161,119,60,173,200,55,232,144,202,109,12,250,24,224,195,
         197,197,47,87,83,32,7,144,172,251,9,137,238,1,8,0,0,1,98,145,51,246,
         241>>,
       <<255,71,48,69,2,33,0,175,1,113,93,209,81,187,193,12,110,165,9,238,195,
         153,49,170,209,85,206,127,161,138,30,233,49,152,231,21,158,29,210,2,
         32,99,130,92,11,220,66,170,79,234,121,243,48,151,21,74,6,90,230,153,
         97,157,216,134,52,62,163,191,251,55,199,110,172,2,33,2,221,239,92,75,
         241,144,26,170,205,65,228,220,46,13,179,213,155,120,239,48,12,138,56,
         222,124,161,230,38,98,150,108,162,1,8,0,0,1,98,145,51,246,240>>,
       <<255,71,48,69,2,32,3,40,230,204,20,66,50,243,62,228,61,247,31,72,80,
         240,61,118,64,201,154,148,18,107,164,114,139,250,78,44,37,41,2,33,0,
         152,92,171,138,95,192,128,137,122,153,247,84,200,30,1,227,222,166,211,
         44,184,192,93,193,130,202,200,92,233,185,4,113,2,33,3,251,6,106,93,
         204,173,201,76,23,54,105,153,166,187,1,13,128,14,236,59,184,244,232,6,
         187,158,244,181,199,116,125,145,1,8,0,0,1,98,145,51,246,238>>,
       <<255,72,48,70,2,33,0,177,176,205,42,219,110,81,202,81,169,89,161,197,9,
         205,38,172,251,213,204,31,156,9,240,7,226,192,58,253,34,195,60,2,33,0,
         133,174,233,60,118,161,123,231,90,155,130,247,203,88,193,48,70,64,94,
         203,89,187,128,19,30,210,211,233,92,102,201,222,2,33,3,34,182,74,72,
         123,199,249,28,70,143,99,57,115,24,27,220,247,253,17,52,210,71,155,
         239,68,221,21,28,229,38,246,200,1,8,0,0,1,98,145,51,246,237>>,
       <<255,71,48,69,2,33,0,209,90,100,129,95,214,3,51,115,161,118,175,102,
         210,40,195,227,184,81,158,168,8,204,25,253,29,12,247,196,6,79,213,2,
         32,126,155,150,221,162,255,210,166,200,81,15,168,202,211,211,74,173,
         10,75,158,225,154,28,91,198,202,196,53,181,99,58,210,2,33,2,114,20,
         158,11,19,39,211,243,143,72,154,157,69,91,185,174,116,83,205,134,9,
         210,128,74,88,32,215,79,215,44,5,71,1,8,0,0,1,98,145,51,246,235>>],
  txs => []}.
